1922738
569561
472135
1253079
1062841
472553
1261906
56273
56220
468739
2214662
56069
1099805
1100661
1100968
1101597
1102670
1103816
1098081
1105779
551801
1951874
57024
1967057
1915035
56334
834463
968019
57172
1268465
56793
1887896
346057
943828
1265547
455819
1339594
1020725
839722
1461080
1269399
1020985
1305860
91982014
1310855
57596
1306666
1273423
349859
2151330
1049073
1062839
368148
1306106
1064303
59426
1347063
851128
63817
152045
841546
841546
796597
1290062
554890
1310941
68829
76456
375732
1521894
79825
1480564
1312120
845743
1313090
379330
472768
1064103
565346
615702
1062847
1324195
1321151
1965878
638242
1326075
472800
946738
472856
80438
28718593
83123
538498
1334760
1559861
376765
96110
537842
107681
2165352
804365
980389
29229014
1047378
2251945
1979455
560743
538629
1968222
721943
109251
1118370
1968902
2264962
1528488
29112751
1079132
536151
1940631
1969888
1140612
854823
1960307
1352389
1350536
1353281
856440
479616
979282
1887901
482940
1358594
1367476
1154781
2268295
1369729
483559
1064287
1504735
1377436
116545
1062825
480793
483301
2266535
536010
110875
1539359
1550363
1015662
1466719
1064282
2269179
727232
1049640
2351310
153523
1505949
1383729
1064260
1049697
1062826
862592
2268284
2211027
29389597
1968222
159386
1062005
379176
418440
1199477
1064283
523920
742676
161685
1940517
1279685
868274
2122265
1511263
1418852
161849
162005
1410240
329564
980858
532373
1441680
1939753
1411986
532697
1411024
1419467
1062617
80765
151970
818717
530634
1020496
1428499
1586638
23424955
1132599
766273
2189783
1433559
377227
537831
1563426
906057
781788
1947122
2306179
2213336
1443415
1225448
1047376
1440110
23424963
1062813
380213
1442746
2343732
1935520
23424962
1064289
1451962
924938
1940330
44418
2352646
2354877
2357024
2357379
2357536
2359991
2364681
2366355
2367105

2378317
2379552
2383552
2383660
2384019
2391279
2391446
2393370
2406903
2418046
2418244
2419761
2423945
2427032
2428184
2428866
2430300
2436453
2439482
2440351
2443945
2453369
2453516
2457170
2464592
2465478
2471390
2471666
2477058
2478307
2480894
2486340
2487129
2487384
2487610
2488867
2498306
2503713
2507158
2507854
2514815
468052
2272113
1050907
395269
91888417
1252431
329616
329667
80675
1064134
1466769
1958237
1569006
1467052